0 0.25566667 0.391125 0.12466667 0.13325
0 0.30033332 0.432375 0.11733333 0.16475
0 0.018 0.379 0.036 0.1445
0 0.09916667 0.24525 0.13766667 0.06
0 0.4735 0.494625 0.07033333 0.12675
0 0.102 0.459 0.06866667 0.098
0 0.8268333 0.550625 0.24633333 0.25175
0 0.59466666 0.513625 0.17533334 0.33425
0 0.237 0.41025 0.16133334 0.1735
0 0.1735 0.46725 0.063 0.1025
0 0.77533334 0.41625 0.093333334 0.06
0 0.66183335 0.518125 0.16366667 0.19125
0 0.19616666 0.325875 0.071 0.04225
0 0.6793333 0.361125 0.17733334 0.12075
0 0.41183335 0.438875 0.15633333 0.20375
0 0.9091667 0.143125 0.18166667 0.13375
