0 0.3555 0.396375 0.022333333 0.02525
0 0.66983336 0.38875 0.019666666 0.03
0 0.6526667 0.392 0.040666666 0.054
0 0.6195 0.392 0.037 0.0295
0 0.48433334 0.605125 0.25533333 0.63975
0 0.583 0.29675 0.18533333 0.1805
0 0.72716665 0.348375 0.10966667 0.10975
0 0.7888333 0.385125 0.10633333 0.20575
0 0.8615 0.265625 0.15366666 0.30775
0 0.892 0.290875 0.21533333 0.58175
0 0.338 0.484 0.086 0.1205
0 0.2135 0.333875 0.07433333 0.11875
0 0.03 0.518625 0.06 0.08075
0 0.26466668 0.37525 0.028666666 0.0345
0 0.24783333 0.37575 0.021666666 0.015
0 0.334 0.413625 0.019333333 0.02575
