0 0.798 0.62375 0.37133333 0.5225
0 0.1565 0.096125 0.12566666 0.11575
0 0.431 0.265625 0.074 0.06675
0 0.5733333 0.334625 0.028666666 0.04625
0 0.332 0.478125 0.352 0.34175
0 0.27633333 0.12225 0.119333334 0.18
0 0.6206667 0.276625 0.051333334 0.09525
0 0.9546667 0.255875 0.09 0.21025
0 0.55233335 0.329375 0.021333333 0.04325
0 0.30916667 0.259 0.034333333 0.0575
0 0.7865 0.121875 0.19366667 0.18425
0 0.208 0.211625 0.096666664 0.13975
0 0.402 0.11925 0.048666667 0.054
0 0.44566667 0.60025 0.39466667 0.494
0 0.90833336 0.1675 0.09866667 0.0625
0 0.119833335 0.182375 0.059 0.07375
0 0.4665 0.293375 0.061 0.06475
0 0.655 0.295375 0.037333332 0.04325
0 0.252 0.249 0.094 0.1165
0 0.3485 0.1885 0.085 0.151
0 0.444 0.093125 0.046 0.02625
0 0.16683333 0.272625 0.064333335 0.08625
0 0.06866667 0.251125 0.13733333 0.14475
0 0.57233334 0.155375 0.27 0.31075
0 0.33866668 0.257625 0.044 0.07325
0 0.0695 0.07825 0.139 0.1565
0 0.96566665 0.123375 0.06866667 0.09525
0 0.7901667 0.28875 0.29633334 0.2145
0 0.5975 0.32075 0.021666666 0.0335
0 0.5286667 0.3295 0.028666666 0.0345
